0000000 00000517 04050513 30551073 301022f3
0000020 4122d293 0012f293 00028863 30301073
0000040 22200513 34453073 00800513 30451073
0000060 30052073 10500073 ffdff06f 00000000
0000100 020005b7 f1402573 00050463 0380006f
0000120 00458613 00100693 00d62023 00460613
0000140 ffc62683 fe069ae3 02c0006f 00000000
0000160 00000000 00000000 00000000 00000000
0000200 f81ff06f 0005a283 fe029ee3 00251513
0000220 00b505b3 0005a023 00001537 00053503
0000240 34151073 f1402573 00000597 01858593
0000260 08000613 30063073 30200073 00000013
0000300
